performance_display:
  m_show_FPS_window: true
  m_show_renderer_metrik: true
  renderer_metrik_window_location: 4
  FPS_window_location: 2
theme:
  m_font_size: 15.000000
  m_font_size_header_0: 19.000000
  m_font_size_header_1: 23.000000
  m_font_size_header_2: 27.000000
  m_big_font_size: 18.000000
  UI_theme: 0
  enable_window_forder: false
  highlited_window_bg: 0.5700 0.5700 0.5700 1.0000
  default_item_width: 200.000000
  main_color: 0.0000 0.1708 1.0000 0.0000
  main_titlebar_color: 0.0000 0.0800 0.5000 1.0000
  action_color_00_faded: 0.0000 0.0800 0.5000 1.0000
  action_color_00_weak: 0.0000 0.0960 0.6000 1.0000
  action_color_00_default: 0.0000 0.1120 0.7000 1.0000
  action_color_00_hover: 0.0000 0.1360 0.8500 1.0000
  action_color_00_active: 0.0000 0.1472 0.9200 1.0000
  action_color_gray_default: 0.1500 0.1500 0.1500 1.0000
  action_color_gray_hover: 0.2000 0.2000 0.2000 1.0000
  action_color_gray_active: 0.2500 0.2500 0.2500 1.0000
